neighborhood,neighborhood-2,st_distance
14,14,0.0
14,49,0.0380911512686171
14,96,0.0
14,84,0.108830028872782
14,111,0.0325665759947716
14,15,0.0461987724072511
14,110,0.0567390236255131
14,35,0.0511184840936979
14,76,0.0941650735302705
14,48,0.0
14,38,0.0471628816441366
14,99,0.0657169945254759
14,97,0.133487579324699
14,9,0.0234084600301255
14,52,0.0206048483733768
14,40,0.0
14,70,0.256104438319395
14,68,0.07875390953151401
14,30,0.20696986809014
14,37,0.257003975318336
14,112,0.35590247910345296
14,82,0.0509226609868847
14,6,0.172174595010091
14,98,0.216600033499972
14,95,0.00440113621682555
14,39,0.0622183638807593
14,56,0.0262616107844632
14,47,0.10790537655239099
14,29,0.0584103484407882
14,108,0.0772486608944144
14,69,0.147925655763263
14,64,0.0664490692553532
14,58,0.31741638831257
14,27,0.0584103484407882
14,41,0.098132681309526
14,85,0.0982758831554358
14,86,0.208734516263685
14,3,0.0173879297677116
14,13,0.0782136050054861
14,50,0.0389989999995635
14,31,0.0406696914419854
14,54,0.10767386970298899
14,94,0.0755980635324849
14,12,0.0678979957507592
14,1,0.18913969301489003
14,79,0.10192530702783098
14,106,0.07506734376369299
14,67,0.0786343958450955
14,21,0.0298455122586114
14,101,0.231493799849654
14,77,0.20453845744889798
14,4,0.273642134476489
14,7,0.0135705035081253
14,53,0.0690629105084545
14,0,0.187894459927718
14,72,0.0929421110581288
14,107,0.23530179798437198
14,57,0.0754771608693216
14,26,0.0154289079654496
14,89,0.17189611556800902
14,83,0.0415891847039397
14,102,0.0109201648338246
14,90,0.0867484767007211
14,28,0.0595461619999013
14,75,0.156560888029454
14,59,0.234716322575694
14,100,0.0792571561996791
14,45,0.0677710071121756
14,32,0.014693764423032
14,88,0.0667588960737752
14,36,0.103604294432196
14,104,0.210802430422319
14,19,0.0
14,20,0.13885208683177802
14,55,0.0323989999994936
14,24,0.272635112462455
14,63,0.236598970177051
14,62,0.11117327729605801
14,103,0.0956869289136441
14,22,0.12129000000003001
14,80,0.195276367464707
14,5,0.136120193746813
14,18,0.0206321448471744
14,33,0.134003384437839
14,25,0.129615630788384
14,44,0.10996591137694803
14,81,0.0655980000068633
14,60,0.0241103090396904
14,71,0.08372324425601801
14,92,0.0901008235696472
14,46,0.23755453548003397
14,42,0.18421065507998702
14,2,0.220337027610111
14,74,0.130958753826798
14,43,0.27198899431004503
14,8,0.0651126191698056
14,17,0.311243244207498
14,91,0.0365335216205182
14,34,0.0
14,11,0.263791283713373
14,65,0.20641167155961998
14,93,0.0509522069438873
14,66,0.024800999999897006
14,10,0.0158665875661011
14,61,0.102203000000003
14,16,0.33999648320594295
14,51,0.108460504378209
14,105,0.0250901813462116
14,87,0.293929717361875
14,109,0.0891029999998949
14,73,0.0325213959447958
14,78,0.0390001615633306
14,23,0.24336012574077104
98,14,0.216600033499972
98,49,0.272755820439672
98,96,0.20682352598087803
98,84,0.139142173436005
98,111,0.251938655128131
98,15,0.135102715107754
98,110,0.215496683639225
98,35,0.26873938480893
98,76,0.218204868655125
98,48,0.222484070731101
98,38,0.14777052726974302
98,99,0.282171676273913
98,97,0.0966763601392808
98,9,0.236269647574263
98,52,0.174723291158641
98,40,0.226773477570064
98,70,0.0
98,68,0.18608694597999498
98,30,0.0
98,37,0.0735112576751112
98,112,0.153881308890961
98,82,0.23226812247773398
98,6,0.0
98,98,0.0
98,95,0.194459535853432
98,39,0.255053702392783
98,56,0.20032358391264105
98,47,0.0897566110089081
98,29,0.140453685393309
98,108,0.17106524588971697
98,69,0.105492961849612
98,64,0.29782503686459494
98,58,0.13748552366352498
98,27,0.165425254986977
98,41,0.15748548593834
98,85,0.264919537332452
98,86,0.42057671505434996
98,3,0.232331282265916
98,13,0.21683120407258802
98,50,0.165177146335964
98,31,0.204991778629008
98,54,0.200690677052503
98,94,0.11590313817931801
98,12,0.10780545826549999
98,1,0.0716369611925981
98,79,0.325814248995042
98,106,0.199299947465062
98,67,0.190650031669832
98,21,0.15920859355119002
98,101,0.0282764518257818
98,77,0.0563929215854988
98,4,0.0209363416336503
98,7,0.238366117441633
98,53,0.303289930924807
98,0,0.0139926259978921
98,72,0.222667276486023
98,107,0.0402443514691653
98,57,0.103270754934758
98,26,0.181778006602851
98,89,0.0272942095321242
98,83,0.185742192504858
98,102,0.21746208983655602
98,90,0.218508207304887
98,28,0.15760607941524402
98,75,0.0146989999998226
98,59,0.057961925476890004
98,100,0.15334186708637698
98,45,0.16355317091504198
98,32,0.23585581809424103
98,88,0.23888333588043698
98,36,0.0656468333196282
98,104,0.0810980855814931
98,19,0.208739859234582
98,20,0.21369310341105102
98,55,0.259395189908656
98,24,0.0195879597736251
98,63,0.09963414221532801
98,62,0.0828973713932833
98,103,0.23403292421940397
98,22,0.17054433048452197
98,80,0.0864760089252829
98,5,0.050535078914997
98,18,0.162223736427545
98,33,0.049713861549862993
98,25,0.0262120397145656
98,44,0.19489881727983102
98,81,0.292919004134872
98,60,0.260001533385622
98,71,0.319807271887477
98,92,0.245625884371904
98,46,0.00120172781853426
98,42,0.135740556985542
98,2,0.0
98,74,0.246738308729553
98,43,0.12830226501481198
98,8,0.24006833792214602
98,17,0.0754953920780085
98,91,0.261866269235041
98,34,0.201315595271087
98,11,0.0396342680645322
98,65,0.43850948773000603
98,93,0.275925938221735
98,66,0.194125410207416
98,10,0.19887614210233603
98,61,0.17989299999786101
98,16,0.15233922797816699
98,51,0.164193999998091
98,105,0.17456186205614702
98,87,0.111845506914753
98,109,0.17018588634584803
98,73,0.25548761368758
98,78,0.168555598161477
98,23,0.456944462589484
95,14,0.00440113621682555
95,49,0.0586040511393978
95,96,0.0
95,84,0.085822673315995
95,111,0.0435855550034809
95,15,0.0287670385846909
95,110,0.0689079386137384
95,35,0.0619891539295627
95,76,0.0741048770120306
95,48,0.0112801113290425
95,38,0.0253783805826698
95,99,0.076516559126788
95,97,0.111275102448739
95,9,0.0316394518927559
95,52,0.0
95,40,0.0217366879031745
95,70,0.23386224684002602
95,68,0.0542797957544845
95,30,0.18469788973183
95,37,0.23558706946598298
95,112,0.334657625629807
95,82,0.065328603260808
95,6,0.15158693722580302
95,98,0.194459535853432
95,95,0.0
95,39,0.0827815958524478
95,56,0.0123675139376745
95,47,0.0871519067982664
95,29,0.0378081442569778
95,108,0.0534151551995554
95,69,0.12394741517276199
95,64,0.0841672122020965
95,58,0.29685559160951197
95,27,0.0369850402459224
95,41,0.0742643201679528
95,85,0.11673280950956098
95,86,0.219501682360965
95,3,0.0390337648965602
95,13,0.0907410260299385
95,50,0.0240510415780523
95,31,0.0450754123884588
95,54,0.111784007858373
95,94,0.0597659368194748
95,12,0.0503346917039681
95,1,0.168578463021751
95,79,0.11608579184899799
95,106,0.0778965006140939
95,67,0.0852017230336653
95,21,0.0077620873479287
95,101,0.211165326336946
95,77,0.182871098344415
95,4,0.251328282783748
95,7,0.0385629719417489
95,53,0.0890683479854926
95,0,0.165675131053657
95,72,0.106002243419528
95,107,0.21663488774411802
95,57,0.0535904992040481
95,26,0.0
95,89,0.152633831405362
95,83,0.03834393566102
95,102,0.0123675139376745
95,90,0.0934407919912117
95,28,0.0487350633624026
95,75,0.134492689171839
95,59,0.212901280056257
95,100,0.0772372682384035
95,45,0.0439426990750959
95,32,0.0259413382014365
95,88,0.0859790951860816
95,36,0.0816223928396
95,104,0.193894311590202
95,19,0.0121004132159761
95,20,0.11769583386839999
95,55,0.0463187046878026
95,24,0.251328131564315
95,63,0.214991779549496
95,62,0.090440713093256
95,103,0.0797434597188944
95,22,0.0968360449524083
95,80,0.17878635082192498
95,5,0.11406348346319599
95,18,0.0
95,33,0.11193858416503
95,25,0.10786544103074301
95,44,0.0877284805977307
95,81,0.0806556781006018
95,60,0.0467510364053635
95,71,0.106070186703064
95,92,0.10480823159443099
95,46,0.215222655632002
95,42,0.159779272854856
95,2,0.19851387438718401
95,74,0.11496283661195801
95,43,0.249803354134437
95,8,0.0574390983918821
95,17,0.289053662587073
95,91,0.0612982267686319
95,34,0.0
95,11,0.24164879500902203
95,65,0.225360800040594
95,93,0.0643652733227838
95,66,0.0
95,10,0.0240692008391617
95,61,0.0775159209776686
95,16,0.319021407070808
95,51,0.0840514176263252
95,105,0.00717367587740667
95,87,0.27315216842739
95,109,0.064305799155284
95,73,0.0446589655497006
95,78,0.0215185582019146
95,23,0.255212030379483
100,14,0.0792571561996791
100,49,0.11929500022078
100,96,0.0870048228771766
100,84,0.154821114681725
100,111,0.126353005566364
100,15,0.0421390006240759
100,110,0.0139645980965222
100,35,0.140722358655464
100,76,0.17491725829564198
100,48,0.0896354227346525
100,38,0.0805052031621199
100,99,0.15473589184611802
100,97,0.16782529656840303
100,9,0.120229106358312
100,52,0.0897311434253407
100,40,0.0740892826922921
100,70,0.19759750041872895
100,68,0.146883172640157
100,30,0.15788100161795598
100,37,0.24190831092309198
100,112,0.33615524782655204
100,82,0.0390816428002708
100,6,0.0819444785554965
100,98,0.15334186708637698
100,95,0.0772372682384035
100,39,0.0577695387288682
100,56,0.11417929588955698
100,47,0.111724013573433
100,29,0.0974470566245749
100,108,0.135969440086224
100,69,0.19438465946146302
100,64,0.149071623139632
100,58,0.31150437961166305
100,27,0.10817875436223
100,41,0.15195508823294598
100,85,0.0614324702822677
100,86,0.296299006322336
100,3,0.0432911986138776
100,13,0.0133958948935064
100,50,0.0258118189981198
100,31,0.00757874100321944
100,54,0.0219994000144236
100,94,0.0
100,12,0.0312551825183924
100,1,0.18978529395661303
100,79,0.186549676054949
100,106,0.0
100,67,0.0
100,21,0.0674704642904525
100,101,0.13750357411042402
100,77,0.18909971374759302
100,4,0.21928172636832996
100,7,0.0751703205686221
100,53,0.148335814031401
100,0,0.155483178647328
100,72,0.0304691811835553
100,107,0.125908294799075
100,57,0.072115430647124
100,26,0.0421856634530263
100,89,0.0681305502174529
100,83,0.0
100,102,0.107195678125658
100,90,0.0147800541270916
100,28,0.00233452350600238
100,75,0.111613763348007
100,59,0.21413643324478102
100,100,0.0
100,45,0.121817529936754
100,32,0.10050105181906699
100,88,0.0364324400771793
100,36,0.0754528191633124
100,104,0.0985287222854179
100,19,0.0607961643847817
100,20,0.214814523492505
100,55,0.117709325625377
100,24,0.187446194826953
100,63,0.242658011600563
100,62,0.0678057839287666
100,103,0.183210803998589
100,22,0.184106430984369
100,80,0.0778666838720665
100,5,0.0995118888738444
100,18,0.0746790680306841
100,33,0.130253305585527
100,25,0.0768204920705902
100,44,0.18362490644990198
100,81,0.150584972771182
100,60,0.10466670022804901
100,71,0.154360215863165
100,92,0.0419060234571146
100,46,0.192994654346724
100,42,0.23045442680918302
100,2,0.148725640038167
100,74,0.21688699341791498
100,43,0.283684578437768
100,8,0.15973698093087
100,17,0.27120641978353
100,91,0.08406893441535
100,34,0.069115131606093
100,11,0.22997819205045997
100,65,0.27998233034791903
100,93,0.136082184817095
100,66,0.104024783608843
100,10,0.0370298744390421
100,61,0.16739501323230802
100,16,0.33274408342514505
100,51,0.164809673298775
100,105,0.0609736074212562
100,87,0.285477877036088
100,109,0.148334005574794
100,73,0.123068447685183
100,78,0.0530955478451822
100,23,0.328895111039081
56,14,0.0262616107844632
56,49,0.0578176513532335
56,96,0.0
56,84,0.0534046369137147
56,111,0.0235479341344449
56,15,0.059131403591061005
56,110,0.100854257247544
56,35,0.0379745947134171
56,76,0.0272224995176373
56,48,0.017018645195886
56,38,0.0446667453319775
56,99,0.0506953267318177
56,97,0.0796811592448057
56,9,0.00553949826332143
56,52,0.00527112911106312
56,40,0.0435761159435628
56,70,0.235556400243439
56,68,0.0109847423459136
56,30,0.18748448637191698
56,37,0.213545376750637
56,112,0.30916637889736204
56,82,0.0957948746278813
56,6,0.174361697276843
56,98,0.20032358391264105
56,95,0.0123675139376745
56,39,0.107738011195358
56,56,0.0
56,47,0.0704043696455855
56,29,0.037492508081958004
56,108,0.0151018402183243
56,69,0.0842526999506435
56,64,0.0726651443813544
56,58,0.266269748881679
56,27,0.0255266104781434
56,41,0.0391396988228805
56,85,0.144091180219198
56,86,0.18681160754349999
56,3,0.0623099831807196
56,13,0.12290868973724099
56,50,0.0595744509327453
56,31,0.0803191197968461
56,54,0.14783283133238
56,94,0.0938821474818787
56,12,0.0792594948244823
56,1,0.14055700186043202
56,79,0.095051648827351
56,106,0.11445529788010199
56,67,0.12020060654119599
56,21,0.0380466940312785
56,101,0.23093719186328102
56,77,0.165435625803641
56,4,0.24940215704339602
56,7,0.0538264252412739
56,53,0.08138390389358299
56,0,0.15851310073363098
56,72,0.137807867746757
56,107,0.24271450634654498
56,57,0.0649379063451937
56,26,0.0343025994195715
56,89,0.182123248769254
56,83,0.0748817761869582
56,102,0.0
56,90,0.128436263620717
56,28,0.0829772656144474
56,75,0.145826147778238
56,59,0.19604724414271102
56,100,0.11417929588955698
56,45,0.0177163947981641
56,32,0.0179861933450045
56,88,0.11256634492588401
56,36,0.0946366745206808
56,104,0.226388731794927
56,19,0.0376473027053506
56,20,0.0690447082071046
56,55,0.0379752445943706
56,24,0.264667108462083
56,63,0.182038744072542
56,62,0.116799302749655
56,103,0.0351078270165027
56,22,0.0501731250871667
56,80,0.212137779430007
56,5,0.127821749637856
56,18,0.0233168682024103
56,33,0.106530623149022
56,25,0.126230185911456
56,44,0.0389977901040273
56,81,0.0651421584532703
56,60,0.0540978410383554
56,71,0.102201824203768
56,92,0.135448782249549
56,46,0.21137152773016601
56,42,0.11669792005430199
56,2,0.20924223977962803
56,74,0.0691608826366941
56,43,0.21455856630705103
56,8,0.0141074904709755
56,17,0.27648354729527697
56,91,0.0785410782300167
56,34,0.0245418133397085
56,11,0.229184581799239
56,65,0.209054427195316
56,93,0.0485127200636871
56,66,0.0
56,10,0.054725516918321
56,61,0.0323062015718995
56,16,0.286623552752845
56,51,0.0445583915775688
56,105,0.0403605352288744
56,87,0.244984132615672
56,109,0.0220715169392037
56,73,0.0302542823746003
56,78,0.0543319022667917
56,23,0.22317270128062502
97,14,0.133487579324699
97,49,0.17987317329675398
97,96,0.111106046752516
97,84,0.0
97,111,0.147123438139061
97,15,0.07417027699338499
97,110,0.185006028118148
97,35,0.158530265406087
97,76,0.0765802214992562
97,48,0.129828718090261
97,38,0.0731607734018677
97,99,0.168549834666763
97,97,0.0
97,9,0.123121117904357
97,52,0.0598055248951031
97,40,0.15032620410627404
97,70,0.11909405955033699
97,68,0.0491394329212782
97,30,0.0818025688793255
97,37,0.0725979008506955
97,112,0.168852209475375
97,82,0.18629219909886
97,6,0.0831292908957956
97,98,0.0966763601392808
97,95,0.111275102448739
97,39,0.207379357374404
97,56,0.0796811592448057
97,47,0.0
97,29,0.0444888938276761
97,108,0.0442891680322913
97,69,0.0
97,64,0.19605903618989498
97,58,0.12741412782676
97,27,0.0626809489769616
97,41,0.0252654531720745
97,85,0.23815898990602802
97,86,0.290860352869534
97,3,0.16641169436057002
97,13,0.19857575490743104
97,50,0.12547920943073598
97,31,0.16056196819000002
97,54,0.210817006561979
97,94,0.12421052052828399
97,12,0.0844503274415044
97,1,0.0
97,79,0.21295719980450303
97,106,0.17984806542468898
97,67,0.18430327915637804
97,21,0.09070300000014699
97,101,0.14332907177396398
97,77,0.0316928712642307
97,4,0.12629663977969502
97,7,0.167120187472651
97,53,0.205024081718951
97,0,0.0411150948623351
97,72,0.22136307742943698
97,107,0.15745778867836802
97,57,0.0399127299460166
97,26,0.115159819468452
97,89,0.136060604157683
97,83,0.15020916591487
97,102,0.11572721560616901
97,90,0.201681553041058
97,28,0.126865446899577
97,75,0.0459426468648929
97,59,0.0586018175308921
97,100,0.16782529656840303
97,45,0.0376333482033446
97,32,0.13730843179092697
97,88,0.20820955662266397
97,36,0.0397690034573088
97,104,0.18018925002531302
97,19,0.137991157691232
97,20,0.0635330556787428
97,55,0.160961908692252
97,24,0.14890460512841103
97,63,0.0464804067030221
97,62,0.0916434491111624
97,103,0.0930554355199245
97,22,0.021107136087137
97,80,0.176410763313006
97,5,0.0524194436920772
97,18,0.0741088254529825
97,33,0.0
97,25,0.07984633127422
97,44,0.0492334720383154
97,81,0.18781900455405398
97,60,0.17231462927128502
97,71,0.22575455516775
97,92,0.22183011078992101
97,46,0.0902550511136039
97,42,0.0294373953979768
97,2,0.11444754844790302
97,74,0.0995598973345672
97,43,0.0832333500107639
97,8,0.101330895470535
97,17,0.13887384901278
97,91,0.19056163480856103
97,34,0.12498337099395698
97,11,0.0937980480490084
97,65,0.318220248480701
97,93,0.17178349184875802
97,66,0.0788685955305157
97,10,0.14733272221071803
97,61,0.0376165624593313
97,16,0.149280688278456
97,51,0.0252099931272225
97,105,0.10877506341072801
97,87,0.10531365159808301
97,109,0.037917982606936004
97,73,0.153789167530944
97,78,0.10850958583016199
97,23,0.32474710089986203
47,14,0.10790537655239099
47,49,0.15972597021382
47,96,0.0893229339527086
47,84,0.0
47,111,0.131210711303513
47,15,0.031905729927861004
47,110,0.142625506954267
47,35,0.145722935602584
47,76,0.0767795097233005
47,48,0.107680129661386
47,38,0.0391254509979293
47,99,0.157840697698225
47,97,0.0
47,9,0.113535846482396
47,52,0.0475835217271697
47,40,0.123425141377007
47,70,0.117096538814214
47,68,0.0481591234932299
47,30,0.0753978289664297
47,37,0.0812007931791334
47,112,0.17913250251620103
47,82,0.14875124887193397
47,6,0.0729602846985009
47,98,0.0897566110089081
47,95,0.0871519067982664
47,39,0.172253613174984
47,56,0.0704043696455855
47,47,0.0
47,29,0.0202344742702794
47,108,0.0351032650900637
47,69,0.0167156633431017
47,64,0.17999136912806998
47,58,0.14108715685317902
47,27,0.0413378315884732
47,41,0.0176044353831055
47,85,0.19776129969711104
47,86,0.286707198484416
47,3,0.137619478676689
47,13,0.151008436284155
47,50,0.0800916613199493
47,31,0.121733812167961
47,54,0.15769621183147697
47,94,0.0645477002222017
47,12,0.0251415512846474
47,1,0.0133986519471079
47,79,0.20254091869624302
47,106,0.131370508216123
47,67,0.132796312096711
47,21,0.0556880618737663
47,101,0.129214673333218
47,77,0.033627374860099
47,4,0.125467159944888
47,7,0.13966127840209197
47,53,0.187648262245037
47,0,0.0390449256459643
47,72,0.17010893344265196
47,107,0.144894370579142
47,57,0.0
47,26,0.0858381758758841
47,89,0.0951412576908852
47,83,0.10533723567653999
47,102,0.0969948471048598
47,90,0.15383335993532
47,28,0.0787749757854177
47,75,0.0400154694433078
47,59,0.063864608322281
47,100,0.111724013573433
47,45,0.0283613231353228
47,32,0.118061310867771
47,88,0.165669881864224
47,36,0.0
47,104,0.141405758813495
47,19,0.108922113328407
47,20,0.07417511382924499
47,55,0.142525220788328
47,24,0.146595311072607
47,63,0.0630485348363963
47,62,0.032577196360634
47,103,0.0930496482357788
47,22,0.032640601527175
47,80,0.13483838969545098
47,5,0.026911062056044998
47,18,0.045345364801688
47,33,0.0
47,25,0.0315099809581117
47,44,0.0523038119062461
47,81,0.17309978555900302
47,60,0.149993822945516
47,71,0.207116841700288
47,92,0.17756980499219
47,46,0.0884168457523219
47,42,0.0605095469156896
47,2,0.10362473613843501
47,74,0.104154165210906
47,43,0.10444982880322698
47,8,0.0999628066523616
47,17,0.144638641091007
47,91,0.164146639690978
47,34,0.0967308716489686
47,11,0.0979452082790408
47,65,0.31323260338925
47,93,0.15624382919226198
47,66,0.0667630704277089
47,10,0.10978441704058399
47,61,0.0375337288843379
47,16,0.164810909954168
47,51,0.0221259305112698
47,105,0.0746838517327899
47,87,0.11702605359460301
47,109,0.0320519585411836
47,73,0.136592396423718
47,78,0.0713893644559045
47,23,0.321711576766766
29,14,0.0584103484407882
29,49,0.10971277967888199
29,96,0.03938641138742399
29,84,0.0249243494555561
29,111,0.0828922047775718
29,15,0.00579824272965951
29,110,0.111810836223756
29,35,0.0988777730978446
29,76,0.0679807653355644
29,48,0.0575953609934392
29,38,0.0
29,99,0.11208417747936301
29,97,0.0444888938276761
29,9,0.0663176151232824
29,52,0.0114476318110476
29,40,0.0747436633299855
29,70,0.177849912058915
29,68,0.034129794371008
29,30,0.128774134781122
29,37,0.16848057457673002
29,112,0.266567383249284
29,82,0.11222659136774801
29,6,0.11091264959617698
29,98,0.140453685393309
29,95,0.0378081442569778
29,39,0.13205843259705902
29,56,0.037492508081958004
29,47,0.0202344742702794
29,29,0.0
29,108,0.0183429977101444
29,69,0.0655354137014272
29,64,0.13092654209423701
29,58,0.226988359634787
29,27,0.0
29,41,0.023734056196823
29,85,0.16421487638456603
29,86,0.251714742113386
29,3,0.0905900196322144
29,13,0.12538690127677002
29,50,0.0522117113180065
29,31,0.0870884486312672
29,54,0.13864906760972698
29,94,0.0583273769284153
29,12,0.0224709466866073
29,1,0.0987086249216949
29,79,0.156067935625229
29,106,0.10685980524654999
29,67,0.11212741740462599
29,21,0.0173759999999987
29,101,0.168030493352558
29,77,0.117671625703928
29,4,0.193530523533935
29,7,0.0916566092159563
29,53,0.13810471400985097
29,0,0.104599020998344
29,72,0.148756429153356
29,107,0.17913624145116397
29,57,0.00492029887302569
29,26,0.0393645398931251
29,89,0.11958715128148699
29,83,0.077035055181663
29,102,0.0481761518281175
29,90,0.128510355273005
29,28,0.0542555409239579
29,75,0.083449109007416
29,59,0.14836165786251698
29,100,0.0974470566245749
29,45,0.00495555155213753
29,32,0.0685173671992681
29,88,0.134409347952429
29,36,0.0317141761674684
29,104,0.165656925374036
29,19,0.0623221823107689
29,20,0.0901967051467112
29,55,0.0929705642280296
29,24,0.203525740779803
29,63,0.146190630441839
29,62,0.0535880198449537
29,103,0.0807280171614507
29,22,0.056557048163542005
29,80,0.154532075762475
29,5,0.0646062961398371
29,18,0.0
29,33,0.0501991849830316
29,25,0.0627681471323771
29,44,0.0601367109589995
29,81,0.12467243410128201
29,60,0.0999038368528081
29,71,0.157220602096836
29,92,0.148660201467312
29,46,0.156181239441671
29,42,0.10292252292392601
29,2,0.147782318307955
29,74,0.105605625194915
29,43,0.18197576626012602
29,8,0.0799745332363368
29,17,0.22726864491895002
29,91,0.11544861652823599
29,34,0.0491912146831003
29,11,0.179639860881578
29,65,0.269642756223177
29,93,0.10765500371467501
29,66,0.0287222460481135
29,10,0.0723683840153848
29,61,0.0453271439423155
29,16,0.249420879263756
29,51,0.0364279005708944
29,105,0.0353125295653156
29,87,0.20383135187873103
29,109,0.0228446358034671
29,73,0.0875588397187113
29,78,0.0353125295653156
29,23,0.287951014709187
108,14,0.0772486608944144
108,49,0.11810159958675802
108,96,0.0528308565733144
108,84,0.0179424271253969
108,111,0.0834638784922091
108,15,0.0506493440231344
108,110,0.139494412848512
108,35,0.0937616948059796
108,76,0.0337579309115327
108,48,0.0715024550816388
108,38,0.0329621358831753
108,99,0.103646552517646
108,97,0.0442891680322913
108,9,0.0583773143070156
108,52,0.0
108,40,0.09466639009172
108,70,0.204320430990315
108,68,0.0
108,30,0.157446027020029
108,37,0.17814500825049803
108,112,0.27374972693169797
108,82,0.137100626610618
108,6,0.14862299999813902
108,98,0.17106524588971697
108,95,0.0534151551995554
108,39,0.155107052802255
108,56,0.0151018402183243
108,47,0.0351032650900637
108,29,0.0183429977101444
108,108,0.0
108,69,0.0542450794219248
108,64,0.131867559410478
108,58,0.231193159744302
108,27,0.0102424802171433
108,41,0.00446951066345004
108,85,0.18878532579890198
108,86,0.232271742101549
108,3,0.11188820143338699
108,13,0.157462882029221
108,50,0.0809522970890112
108,31,0.114122372955479
108,54,0.17464879049072798
108,94,0.0994871208142437
108,12,0.0674650413543725
108,1,0.105093037718306
108,79,0.148135939635925
108,106,0.14098417293051302
108,67,0.14878011265855598
108,21,0.0433896600700764
108,101,0.20498999999746603
108,77,0.130662864998828
108,4,0.21700157008655702
108,7,0.10935127860234699
108,53,0.141267340995245
108,0,0.126086356647529
108,72,0.17655518974239004
108,107,0.218843308693466
108,57,0.0387328478061643
108,26,0.0626897886740848
108,89,0.161600787969547
108,83,0.105015357967098
108,102,0.0555078159733033
108,90,0.160506560666352
108,28,0.0925420899101371
108,75,0.11977742774897801
108,59,0.16115075130005801
108,100,0.135969440086224
108,45,0.0
108,32,0.0762128231203042
108,88,0.15823050788644
108,36,0.0667969999991627
108,104,0.20813629011566895
108,19,0.0847505611190788
108,20,0.0622877973534226
108,55,0.09842411906112102
108,24,0.233781522751025
108,63,0.147383912100051
108,62,0.0946788961926771
108,103,0.0476789703112495
108,22,0.0321771850850711
108,80,0.19850826183614
108,5,0.10229655970523
108,18,0.0186969783922462
108,33,0.0755637500648144
108,25,0.10160691827716499
108,44,0.0313187330106566
108,81,0.12328434460568902
108,60,0.11265147055398701
108,71,0.162414152648225
108,92,0.17604957831512197
108,46,0.17889405781158102
108,42,0.0902450859937556
108,2,0.181481374714324
108,74,0.0707791253458904
108,43,0.181119528855621
108,8,0.0528346079378925
108,17,0.24179572116148498
108,91,0.133337341449949
108,34,0.0710560863683879
108,11,0.194723266879727
108,65,0.25821107077852
108,93,0.10761381707244301
108,66,0.0148960238990002
108,10,0.0962741637720121
108,61,0.0142214626532406
108,16,0.251952830683781
108,51,0.0145587023116846
108,105,0.0609485685147476
108,87,0.209648905882114
108,109,0.0
108,73,0.0906598688117432
108,78,0.0652773069601582
108,23,0.26795762700916603
39,14,0.0622183638807593
39,49,0.0422582082953159
39,96,0.0794127571931354
39,84,0.18485341198855898
39,111,0.0887265105711821
39,15,0.0859574363636727
39,110,0.0146013697986591
39,35,0.0872287293779632
39,76,0.17561919184690503
39,48,0.0543960194314205
39,38,0.11570685727307199
39,99,0.0948816201845486
39,97,0.207379357374404
39,9,0.0941540844572135
39,52,0.0964030000053096
39,40,0.045429082351440005
39,70,0.29730057477765504
39,68,0.158592028412557
39,30,0.251139626760398
39,37,0.318680081538675
39,112,0.417695563404839
39,82,1.4210854715202e-14
39,6,0.189540825097893
39,98,0.255053702392783
39,95,0.0827815958524478
39,39,0.0
39,56,0.107738011195358
39,47,0.172253613174984
39,29,0.13205843259705902
39,108,0.155107052802255
39,69,0.225187407254606
39,64,0.0720281863801108
39,58,0.38392813730886993
39,27,0.13205843259705902
39,41,0.175708590854396
39,85,0.0
39,86,0.21528198391389802
39,3,0.0
39,13,0.0218759594301896
39,50,0.0604027748119542
39,31,0.0225507028936142
39,54,0.0512754796168206
39,94,0.0694778814295365
39,12,0.0958902216751693
39,1,0.256654494433239
39,79,0.10834573601162
39,106,0.0256011132764291
39,67,0.0368583016802101
39,21,0.0966223453088916
39,101,0.248206900889132
39,77,0.265200733429671
39,4,0.31735671790743797
39,7,0.0245416367220861
39,53,0.0639772113017237
39,0,0.24232381991788504
39,72,0.0218759594301896
39,107,0.235291557698033
39,57,0.127185905763742
39,26,0.0585987167522485
39,89,0.167507392223248
39,83,0.044780060316933004
39,102,0.0914276063560319
39,90,0.0246668482176118
39,28,0.0639911020457106
39,75,0.19926372445746698
39,59,0.293428050205757
39,100,0.0577695387288682
39,45,0.145808164449158
39,32,0.0575084962185187
39,88,0.0
39,36,0.14761647619695098
39,104,0.207753239939058
39,19,0.0382198430268917
39,20,0.22012707263337
39,55,0.0616150092813938
39,24,0.296450094293627
39,63,0.305974196758199
39,62,0.146906284470132
39,103,0.17465113575738
39,22,0.201111662834474
39,80,0.17572562254252802
39,5,0.18050950198182697
39,18,0.0900815653338381
39,33,0.19343313176606
39,25,0.16820140321864502
39,44,0.19150551921467002
39,81,0.0798740710786228
39,60,0.0352945201332175
39,71,0.0626661392098385
39,92,0.00871973634915851
39,46,0.28531085531967104
39,42,0.262265593016047
39,2,0.25402799870729303
39,74,0.208286551214729
39,43,0.34413069379654804
39,8,0.13897612256773903
39,17,0.363180216433847
39,91,0.0149453134217957
39,34,0.0697024188756496
39,11,0.31757217354052103
39,65,0.18428920770405702
39,93,0.0704737687603879
39,66,0.104316331463474
39,10,0.0266829786057522
39,61,0.1817210164759
39,16,0.408063310093503
39,51,0.186813691224715
39,105,0.0850069636500276
39,87,0.359069054072495
39,109,0.16825533343403198
39,73,0.0803185612983224
39,78,0.0836829493383463
39,23,0.24444836883644
69,14,0.147925655763263
69,49,0.18862022732704603
69,96,0.12319094986242
69,84,0.0
69,111,0.15341842637629402
69,15,0.0996092380711008
69,110,0.206557702846063
69,35,0.160906119025173
69,76,0.0554739149772735
69,48,0.14174848630584602
69,38,0.0943262029183761
69,99,0.168197277243797
69,97,0.0
69,9,0.12157586463090099
69,52,0.0701779973636217
69,40,0.165321856298642
69,70,0.120209011873803
69,68,0.0375740593223674
69,30,0.0859793750772161
69,37,0.0560789533152272
69,112,0.131589778606341
69,82,0.205916376085293
69,6,0.0932831334210893
69,98,0.105492961849612
69,95,0.12394741517276199
69,39,0.225187407254606
69,56,0.0842526999506435
69,47,0.0167156633431017
69,29,0.0655354137014272
69,108,0.0542450794219248
69,69,0.0
69,64,0.200234481731058
69,58,0.0850786742543673
69,27,0.0788549605220082
69,41,0.0310695245700369
69,85,0.257896458603193
69,86,0.276862765588365
69,3,0.18246469323415498
69,13,0.22191968112817298
69,50,0.14674528201286902
69,31,0.18137988173457298
69,54,0.235904283006842
69,94,0.149200427139849
69,12,0.112953061122743
69,1,0.0
69,79,0.21052457460297896
69,106,0.203835215975959
69,67,0.20938207114284899
69,21,0.111066692982322
69,101,0.15380032367205101
69,77,0.0335754509273766
69,4,0.12601782845143
69,7,0.17961053369999103
69,53,0.210323792034588
69,0,0.0436801621330019
69,72,0.24366410674133104
69,107,0.167285709035565
69,57,0.0668422458704278
69,26,0.132263632919381
69,89,0.15061421368220598
69,83,0.171565058499682
69,102,0.125781789878318
69,90,0.22509275259772896
69,28,0.151508387424594
69,75,0.05784356162053401
69,59,0.0552081999327156
69,100,0.19438465946146302
69,45,0.0492650313712485
69,32,0.146696281377298
69,88,0.22791278693627498
69,36,0.0572922510116129
69,104,0.19568525144133103
69,19,0.155225188784002
69,20,0.0345726018687707
69,55,0.16886938475909
69,24,0.15152612152526698
69,63,0.0
69,62,0.110495037594346
69,103,0.0768287586068492
69,22,0.0
69,80,0.19224643910265302
69,5,0.06944690410652099
69,18,0.0886820404028869
69,33,0.0
69,25,0.0959573706231444
69,44,0.0329115101194653
69,81,0.190849816731808
69,60,0.183003922952358
69,71,0.23157609329019302
69,92,0.243480037608945
69,46,0.0889240924205516
69,42,0.0
69,2,0.124894291065579
69,74,0.0767275351478651
69,43,0.0360110008887164
69,8,0.0843256745950447
69,17,0.127702064919223
69,91,0.203804790463693
69,34,0.14173684994739902
69,11,0.0897342125115904
69,65,0.305282212885972
69,93,0.17637137925305998
69,66,0.0854216028237956
69,10,0.16595333209382399
69,61,0.0278809755676743
69,16,0.10459450664294499
69,51,0.0151578802196999
69,105,0.12926062800938098
69,87,0.0673328390006455
69,109,0.0355082707265772
69,73,0.16096525373172502
69,78,0.129949093082645
69,23,0.308422547658776
64,14,0.0664490692553532
64,49,0.0
64,96,0.0696725010668486
64,84,0.169647983172683
64,111,0.0316201043799753
64,15,0.126936272378558
64,110,0.111006076453961
64,35,0.0194000000000045
64,76,0.12658325047166802
64,48,0.0510727766985069
64,38,0.126045221348299
64,99,0.0194000000000045
64,97,0.19605903618989498
64,9,0.0383527313499396
64,52,0.0919171986783526
64,40,0.058474177308457
64,70,0.336742789083896
64,68,0.12736139274597802
64,30,0.287466719051949
64,37,0.328262444088239
64,112,0.4252342572220279
64,82,0.10286840919222802
64,6,0.253928128164585
64,98,0.29782503686459494
64,95,0.0841672122020965
64,39,0.0720281863801108
64,56,0.0726651443813544
64,47,0.17999136912806998
64,29,0.13092654209423701
64,108,0.131867559410478
64,69,0.200234481731058
64,64,0.0
64,58,0.38298819073538
64,27,0.125712186461006
64,41,0.155747508977951
64,85,0.127261131574927
64,86,0.10982705157449599
64,3,0.0622828228904367
64,13,0.12753540690977302
64,50,0.11675551129045401
64,31,0.0990783125046949
64,54,0.16561803414902898
64,94,0.152309450226886
64,12,0.148181579248213
64,1,0.256382072944518
64,79,0.0
64,106,0.12990703143257198
64,67,0.13831988221720498
64,21,0.11161444180633999
64,101,0.31377814639310997
64,77,0.277893871456347
64,4,0.353470534899229
64,7,0.0437165394006743
64,53,0.0
64,0,0.265257068763332
64,72,0.138490103673911
64,107,0.315440994074378
64,57,0.157439605069745
64,26,0.0929773155656073
64,89,0.253577727824514
64,83,0.11529599999854401
64,102,0.0567460571491827
64,90,0.13852876241270098
64,28,0.135894999998243
64,75,0.23809728372234698
64,59,0.308574606928055
64,100,0.149071623139632
64,45,0.127957255460046
64,32,0.0333676366077944
64,88,0.10396120338270501
64,36,0.18539995702353698
64,104,0.28946842027249103
64,19,0.0753979999989411
64,20,0.162623674663044
64,55,0.0146852959546941
64,24,0.35506078413470904
64,63,0.298821110941716
64,62,0.193637954369072
64,103,0.116751284789482
64,22,0.16378025496664
64,80,0.270627638373522
64,5,0.21771432764776896
64,18,0.0993381850691258
64,33,0.21085861918439802
64,25,0.211720743159746
64,44,0.143333358465405
64,81,0.0
64,60,0.0290181583941502
64,71,0.0152435142216741
64,92,0.131130678392474
64,46,0.316557811782206
64,42,0.23124947153407605
64,2,0.302332606615986
64,74,0.14099400000048498
64,43,0.331377308413478
64,8,0.0805716198846069
64,17,0.38751518624424
64,91,0.0319640759042495
64,34,0.0798414028237572
64,11,0.339847181009893
64,65,0.102901519521765
64,93,0.0
64,66,0.0830198530949289
64,10,0.0868037487946968
64,61,0.148429936441121
64,16,0.403396627486878
64,51,0.16132507564484802
64,105,0.107394048670127
64,87,0.36137441970867795
64,109,0.13886378805104999
64,73,0.0242800329488911
64,78,0.11993198914253501
64,23,0.141638526804616
58,14,0.31741638831257
58,49,0.36663999160352706
58,96,0.297057966310314
58,84,0.167698942049961
58,111,0.33414807047338696
58,15,0.242733371268456
58,110,0.35462881408556995
58,35,0.344950775040147
58,76,0.242538698586564
58,48,0.31569997115038
58,38,0.24811961168910998
58,99,0.354065612641427
58,97,0.12741412782676
58,9,0.308233452827453
58,52,0.246854078555482
58,40,0.333191097396763
58,70,0.11722000185134698
58,68,0.22586596002127
58,30,0.120703698480276
58,37,0.026000118892645002
58,112,0.0
58,82,0.3605992590019221
58,6,0.16100439912281198
58,98,0.13748552366352498
58,95,0.29685559160951197
58,39,0.38392813730886993
58,56,0.266269748881679
58,47,0.14108715685317902
58,29,0.226988359634787
58,108,0.231193159744302
58,69,0.0850786742543673
58,64,0.38298819073538
58,58,0.0
58,27,0.248040670545375
58,41,0.20979106385547697
58,85,0.40928335640676095
58,86,0.464777847233446
58,3,0.34735801042652503
58,13,0.361537293468889
58,50,0.292043630515758
58,31,0.33359432122968496
58,54,0.36188532431690795
58,94,0.26216972947301603
58,12,0.23196814797065002
58,1,0.0610259905695934
58,79,0.39766869233048496
58,106,0.341864988509736
58,67,0.340913732257721
58,21,0.265783740484115
58,101,0.188777831423593
58,77,0.069925171462069
58,4,0.0628604175774353
58,7,0.34939172315238104
58,53,0.39206173629638
58,0,0.0872025031758185
58,72,0.3775766544489871
58,107,0.187240643571315
58,57,0.20759002880169297
58,26,0.296531481188233
58,89,0.19871634617476
58,83,0.317233816207812
58,102,0.302494472946786
58,90,0.36416954645992494
58,28,0.290293634301274
58,75,0.14810668593945098
58,59,0.0697020934045374
58,100,0.31150437961166305
58,45,0.22462385360546697
58,32,0.324102008608638
58,88,0.37755450992486894
58,36,0.170074445093669
58,104,0.253157075676286
58,19,0.318474384942406
58,20,0.219318527161023
58,55,0.34794891378055104
58,24,0.12267990828912899
58,63,0.0260565155190566
58,62,0.220217092899203
58,103,0.26431725541828194
58,22,0.18804432980817198
58,80,0.26392423814813504
58,5,0.174978585743967
58,18,0.255068707421565
58,33,0.120567292164962
58,25,0.18371931100557398
58,44,0.221020025980215
58,81,0.37453045249044103
58,60,0.35835198063379703
58,71,0.41279452685194
58,92,0.38896907204139897
58,46,0.0871676178635111
58,42,0.0613013310778753
58,2,0.14336983081868399
58,74,0.261159683895124
58,43,0.0
58,8,0.270193097883573
58,17,0.0368201874112168
58,91,0.37392236149263397
58,34,0.30648631478186894
58,11,0.0239907460958068
58,65,0.493285410853799
58,93,0.358708712805877
58,66,0.265643355468167
58,10,0.321440726350419
58,61,0.215355465181295
58,16,0.0
58,51,0.201104368039395
58,105,0.28499459527446197
58,87,0.0
58,109,0.21946695032388103
58,73,0.340837253540584
58,78,0.282152942789446
58,23,0.49566394861925805
27,14,0.0584103484407882
27,49,0.10663596215585601
27,96,0.0369636390519933
27,84,0.0384429077506599
27,111,0.0768253747984435
27,15,0.0267359203424091
27,110,0.11339228460960699
27,35,0.09151302974349801
27,76,0.0564787693645015
27,48,0.0556016475293946
27,38,0.00840942958385964
27,99,0.104035151380434
27,97,0.0626809489769616
27,9,0.0591759600359488
27,52,0.0
27,40,0.0747436633299855
27,70,0.20212872073949104
27,68,0.0228078933702413
27,30,0.153302340845234
27,37,0.190444579278629
27,112,0.28827418657112
27,82,0.11222659136774801
27,6,0.13696803451961698
27,98,0.165425254986977
27,95,0.0369850402459224
27,39,0.13205843259705902
27,56,0.0255266104781434
27,47,0.0413378315884732
27,29,0.0
27,108,0.0102424802171433
27,69,0.0788549605220082
27,64,0.125712186461006
27,58,0.248040670545375
27,27,0.0
27,41,0.029751863672725
27,85,0.16421487638456603
27,86,0.24172303719458102
27,3,0.0905900196322144
27,13,0.130277234427073
27,50,0.0538934541572108
27,31,0.08796617761387801
27,54,0.146960707037308
27,94,0.0722102084537607
27,12,0.043585401271012
27,1,0.119934259812971
27,79,0.148544682972519
27,106,0.11342818966169302
27,67,0.12101511341882801
27,21,0.017399999999995
27,101,0.19397795117355604
27,77,0.13933702639342302
27,4,0.21727052674002598
27,7,0.0916566092159563
27,53,0.13363778369831097
27,0,0.127395894287623
27,72,0.15043506511443203
27,107,0.205087752651815
27,57,0.0293029200507639
27,26,0.0393645398931251
27,89,0.144929824564583
27,83,0.0784303385430264
27,102,0.0429025454371116
27,90,0.133371241315215
27,28,0.0648413217166225
27,75,0.10917038447021302
27,59,0.16997694965335197
27,100,0.10817875436223
27,45,0.0
27,32,0.0643304531924383
27,88,0.134409347952429
27,36,0.0577107511525663
27,104,0.19065737086243398
27,19,0.0623221823107689
27,20,0.0897829023452563
27,55,0.0886530677016565
27,24,0.229208649360036
27,63,0.166114520545226
27,62,0.0792164548899173
27,103,0.0691343779163535
27,22,0.059002664634643
27,80,0.178540405479719
27,5,0.0906046775381378
27,18,0.0
27,33,0.0734142807510719
27,25,0.088822832076874
27,44,0.0587912473106104
27,81,0.11870353922604801
27,60,0.0982176563451957
27,71,0.153540153243932
27,92,0.150213840960095
27,46,0.179633443333617
27,42,0.1162853685277
27,2,0.173292687819094
27,74,0.0963084481617234
27,43,0.20123989802184697
27,8,0.0684921005326847
27,17,0.24888645597141298
27,91,0.11544861652823599
27,34,0.0491912146831003
27,11,0.20122547400935
27,65,0.26259360118586
27,93,0.10187087034501
27,66,0.0167111111774817
27,10,0.0723683840153848
27,61,0.0416091336245838
27,16,0.27001535603966104
27,51,0.0415126703669182
27,105,0.0355721938352324
27,87,0.225224650093233
27,109,0.0239642671701762
27,73,0.0823779765041699
27,78,0.0377233429190209
27,23,0.27804325539779196
91,14,0.0365335216205182
91,49,1.64254825021526e-06
91,96,0.05362036182269099
91,84,0.16556534422415803
91,111,0.0523666873300574
91,15,0.0833667351132742
91,110,0.0438021643752187
91,35,0.0461074689027947
91,76,0.14374560607353
91,48,0.0235374535792244
91,38,0.10219006614118499
91,99,0.0526149195784044
91,97,0.19056163480856103
91,9,0.0605702917079027
91,52,0.0775631020742629
91,40,0.021201366773842
91,70,0.302276452241566
91,68,0.132037006856715
91,30,0.25424056903674597
91,37,0.312057046035278
91,112,0.41126032375463895
91,82,0.0356381032599724
91,6,0.20341047725082603
91,98,0.261866269235041
91,95,0.0612982267686319
91,39,0.0149453134217957
91,56,0.0785410782300167
91,47,0.164146639690978
91,29,0.11544861652823599
91,108,0.133337341449949
91,69,0.203804790463693
91,64,0.0319640759042495
91,58,0.37392236149263397
91,27,0.11544861652823599
91,41,0.154181066859615
91,85,0.0615449852137822
91,86,0.18009460174697897
91,3,0.0
91,13,0.0605442434086868
91,50,0.0623782350658937
91,31,0.0338774061135159
91,54,0.0985140194378397
91,94,0.0894079494049813
91,12,0.0999871952793494
91,1,0.245691993949531
91,79,0.0700960656420684
91,106,0.0628002054926625
91,67,0.0710926705708864
91,21,0.0829308640551372
91,101,0.26471323624556303
91,77,0.25903445652737195
91,4,0.321264456203454
91,7,0.0
91,53,0.0290420503601843
91,0,0.23989253867592103
91,72,0.0715270690641107
91,107,0.25770916808000605
91,57,0.12354923804728901
91,26,0.0474959013094619
91,89,0.19801033655868802
